/* XPM */
static char *volume_6[] = {
/* columns rows colors chars-per-pixel */
"32 32 27 1 ",
"  c None",
". c #535552",
"X c #535653",
"o c #545755",
"O c #5A5E5E",
"+ c #5B5F5F",
"@ c #5B6060",
"# c #5C6061",
"$ c #606568",
"% c #606668",
"& c #616668",
"* c #656B6E",
"= c #656B6F",
"- c #6A7076",
"; c #6A7177",
": c #6B7278",
"> c #6B7279",
", c #6B7379",
"< c #6E757D",
"1 c #6F767E",
"2 c #6F777E",
"3 c #707880",
"4 c #707881",
"5 c #707981",
"6 c #717981",
"7 c #717982",
"8 c #717A82",
/* pixels */
"                    oo          ",
"                    O#          ",
"                  XO*;    33    ",
"                  O$<8    33    ",
"                oO*,<3      33  ",
"                O$<333      33  ",
"              oO*,2333  33    33",
"              O$,33333  33    33",
"            XO*,<33333    33  33",
"            O$>3333333    33  33",
"    3333  XO*>33333333    33  33",
"    3333  #$<333333333    33  33",
"    33333<>><333333333    33  33",
"    333333333333333333    33  33",
"    333333333333333333    33  33",
"    333333333333333333    33  33",
"    333333333333333333    33  33",
"    333333333333333333    33  33",
"    333333333333333333    33  33",
"    33333<>,<333333333    33  33",
"    3333  #$>333333333    33  33",
"    3333  X#*,33333333    33  33",
"            O$,3333333    33  33",
"            oO*>333333    33  33",
"              O$<33333  33    33",
"              XO*,2333  33    33",
"                O$>333      33  ",
"                XO*<33      33  ",
"                  O$,3    33    ",
"                  oO*;    33    ",
"                    O#          ",
"                    oo          "
};
